1199 21.48
1200 21.48
1201 21.48
1202 21.48
1204 21.48
1205 21.48
1206 21.48
1207 21.48
1208 21.48
1209 21.48
1210 21.48
1211 21.48
1212 21.48
1213 21.48
1214 21.48
1215 21.48
1216 21.48
1217 21.48
1218 21.48
1219 21.48
1220 21.48
1221 21.48
1222 21.48
1223 21.48
1224 21.48
1225 21.48
1226 21.48
1227 21.97
1228 21.48
1229 21.48
1230 21.97
1231 21.48
1232 21.48
1233 21.48
1234 21.48
1235 21.48
1236 21.48
1237 21.48
1238 21.48
1239 21.48
1240 21.48
1241 21.48
1242 21.48
1243 21.48
1244 21.97
1245 21.48
1246 21.48
1247 21.48
1248 21.97
1249 21.97
1250 21.00
1251 21.97
1252 21.97
1253 21.97
1254 21.97
1255 21.97
1256 21.97
1257 22.46
1258 21.48
1259 21.97
1260 21.48
1261 22.46
1262 21.97
1263 22.46
1264 21.97
1265 21.97
1266 22.46
1267 22.46
1268 21.97
1269 22.46
1270 22.46
1271 22.46
1272 21.97
1273 22.46
1274 22.46
1275 22.46
1276 22.95
1277 22.46
1278 22.46
1279 22.46
1280 22.95
1281 22.95
1282 22.95
1283 22.95
1284 22.95
1285 23.44
1286 22.46
1287 22.95
1288 22.95
1289 22.95
1290 22.95
1291 22.95
1292 22.95
1293 23.44
1294 23.44
1295 22.95
1296 22.95
1297 22.95
1298 22.46
1299 22.46
1300 22.46
1301 22.46
1302 22.95
1303 22.95
